00110110 00110010 00101100 00110110 
00111001 00101100 00110110 00110111 00101100 
00110110 00110100 00101100 00110111 01100010 
00101100                            00110111 00110100 
00101100                            00110011 00110011 
00101100                                     00110110 01100101 
00101100                                     00110101 01100110 
00101100                                     00110111 00110100 
00101100                                     00110011 00110001 
00101100                                     00110100 01100100 
00101100                                     00110011 00110011 
00101100                                     00110111 00110011 
00101100                                     00110101 01100110 
00101100                                     00110100 00110010 
00101100                                     00110011 00110001 
00101100                                     00110110 00110111 
00101100                                     00110101 01100110 
00101100                                     00110100 00110100 
00101100                                     00110110 00110100 
00101100                                     00110100 00110100 
00101100                            00110110 00110100 
00101100                            00110100 00110100 
00101100 00110110 00110100 00101100 00110100 
00110100 00101100 00110110 00110100 00101100 
00110100 00110100 00101100 00110110 
00110100 00101100 00110111 01100100